         188
         180
          95
         130
         163
         156
          76
          92
          14
          36
          23
         142
         135
         235
          72
         177
         153
          75
         193
          68
         107
         236
          98
         225
         231
          98
         219
         196
         231
          36
         163
         149
         153
          29
          63
         204
         195
         120
          90
          76
         134
          48
          38
          82
         248
          87
         239
          61
          65
         233
         179
          78
         206
         180
         190
         234
         198
          36
         176
         234
          92
          26
         133
          67
         218
         148
         241
          19
         206
         159
         115
         141
          53
         100
         234
         239
         156
          64
           9
         234
         147
         196
         165
         175
         211
         245
          89
          71
          64
         139
         210
         122
         139
          19
         237
         253
          72
         209
         217
          52
         231
          55
          30
          93
         129
          50
          87
         197
         244
          35
          98
          38
         219
           2
          64
         203
         196
         178
          55
         169
         111
         215
         187
         123
           5
         170
          44
         106
          78
         206
         140
         185
         143
         116
          26
          63
           2
         163
          99
         107
          31
          79
         225
         194
         200
         233
         210
          84
          89
         170
